TREMURI 1 7 0
/impostazioni
Default
convergenza 3


/pareti
!num       X0       Y0       angle° (prefered rads)
1       0.0000       0.0000       90°
2       0.0000       0.0000       0°
3       10.3786       -0.0000       90°
4       0.0000       16.6628       0°


/Materiali
!num             E                 G           rho             fm          tau0/fvm0     fvlim verifica  driftT  driftPF     mu      Gc       beta
 1           2.0800e+09       7.0000e+08       2360          5440000.0       224000.0       0        2        1        1      0.15     5        0.5
99           2.0800e+09       7.0000e+08       2360          5440000.0       224000.0       0        2        1        1      0.15     5        0.0
 7           1.0000e+20       0.0000e+00       0


/nodi2d
!num  n_wall   X_local        Z         N/P/R     rho     thick     xleft      xright       zup        zdown 
18     1      9.4034      5.3335      R      2360      0.0      1.6774      1.6775      0.0000     1.0053
21     1      9.4034      0.0000      R      2360      0.0      1.6774      1.6775      2.8151     0.0000
10     2      3.5322      6.7193      R      2360      0.0      0.8827      0.8827      0.0000     2.3911
14     2      3.5322      0.0000      R      2360      0.0      0.8827      0.8827      0.0717     0.0000
16     2      3.5322      1.5901      R      2360      0.0      0.8827      0.8827      0.2558     0.2558
24     3      5.8667      0.0000      R      2360      0.0      1.3299      1.3299      2.8151     0.0000
25     3      10.6048      0.0000      R      2360      0.0      1.2921      1.2921      2.8151     0.0000
28     3      5.8667      5.7040      R      2360      0.0      1.3299      1.3299      0.0000     1.3758
29     3      10.6048      5.5578      R      2360      0.0      1.2921      1.2921      0.0000     1.2296
 1     4      3.5457      7.0151      R      2360      0.0      1.1827      1.1827      0.0000     2.6869
 2     4      6.1022      9.0370      R      2360      0.0      0.7689      0.7689      0.0000     1.5019
 5     4      3.5457      0.0000      R      2360      0.0      1.1827      1.1827      3.3454     0.0000
 6     4      6.1022      0.0000      R      2360      0.0      0.7689      0.7689      3.3454     0.0000
 8     4      8.5650      9.2057      R      2360      0.0      1.3760      0.0000      0.0000     1.6706
 9     4      6.1022      5.6291      R      2360      0.0      0.7689      0.7689      1.3009     1.3009


/nodi3d
!num   n_subwalls    wall_i    wall_j    Z        N/P/R    rho    thick   xleft    xright     zup       zdown    N/P/R     rho   thick    xleft,   xright,     zup,    zdown
17         2          1         2       5.3335      R     2360    0.0    0.0000    6.1543    0.0000    1.0053      R       2360    0.0    0.0000    1.2649    0.0000    1.0053
20         2          1         2       0.0000      R     2360    0.0    0.0000    6.1543    2.8151    0.0000      R       2360    0.0    0.0000    1.2649    1.8459    0.0000
11         2          2         3       5.8428      R     2360    0.0    3.9019    0.0000    3.4370    4.5085      R       2360    0.0    0.0000    2.4207    0.0000    1.5146
15         2          2         3       0.0000      R     2360    0.0    3.9019    0.0000    0.0717    0.0000      R       2360    0.0    0.0000    2.4207    2.8151    0.0000
26         2          3         4       0.0000      R     2360    0.0    2.6636    0.0000    2.8151    0.0000      R       2360    0.0    3.1896    0.0000    6.9300    0.0000
30         2          3         4       5.4144      R     2360    0.0    2.6636    0.0000    0.0000    1.0862      N
 3         2          4         1       5.3335      R     2360    0.0    0.0000    1.5614    0.0000    1.0053      R       2360    0.0    4.7659    0.0000    0.0000    1.0053
 4         2          4         1       0.0000      R     2360    0.0    0.0000    1.5614    3.3454    0.0000      R       2360    0.0    4.7659    0.0000    3.3454    0.0000


/solaio
!num    nd_i    nd_j    nd_k    nd_l    thick   E1         E2              ni      G      orientation    offset    warping


/elementi
!num  parete incI  incJ    XBARloc      ZBAR         b          h      thick      mat    type (0=pier 1=spandrel 2=Generic+angle)
24     1      4      3      14.2798      3.8368     4.7659     0.9828     0.0        1      0
25     1     20     17      3.0772      3.5716     6.1543     1.5131     0.0        1      0
26     1     21     18      9.4034      3.5716     3.3549     1.5131     0.0        1      0
20     1     17     18      6.9402      4.8308     1.0053     1.5717     0.0       99      1
21     1     18      3      11.4889      4.8308     1.0053     0.8160     0.0       99      1
22     1     20     21      6.9402      1.4076     2.8151     1.5717     0.0       99      1
23     1     21      4      11.4889      1.6727     3.3454     0.8160     0.0       99      1
16     2     15     11      8.4276      0.7030     3.9019     1.2626     0.0        1      0
17     2     20     17      0.6324      3.0871     1.2649     2.4823     0.0        1      0
18     2     14     16      3.5322      0.7030     1.7654     1.2626     0.0        1      0
19     2     16     10      3.5322      3.0871     1.7654     2.4823     0.0        1      0
13     2     17     10      1.9572      4.8308     1.0053     1.3846     0.0       99      1
15     2     14     15      5.4458      0.0358     0.0717     2.0618     0.0       99      1
41     2     16     11      5.4458      2.2107     1.7528     2.0618     0.0       99      1
42     2     10     11      5.4458      5.8759     5.5778     2.0618     0.0       99      1
43     2     20     14      1.9572      0.3515     0.7030     1.3846     0.0       99      1
44     2     20     16      1.9572      1.2745     1.1429     1.3846     0.0       99      1
33     3     26     30      15.3310      3.5716     2.6636     1.5131     0.0        1      0
34     3     15     11      1.2104      3.5716     2.4207     1.5131     0.0        1      0
35     3     24     28      5.8667      3.5716     2.6598     1.5131     0.0        1      0
36     3     25     29      10.6048      3.5716     2.5842     1.5131     0.0        1      0
27     3     15     24      3.4788      1.4076     2.8151     2.1161     0.0       99      1
28     3     24     25      8.2546      1.4076     2.8151     2.1161     0.0       99      1
29     3     25     26      12.9481      1.4076     2.8151     2.1023     0.0       99      1
30     3     11     28      3.4788      5.0485     1.4405     2.1161     0.0       99      1
31     3     28     29      8.2546      4.9754     1.2944     2.1161     0.0       99      1
32     3     29     30      12.9481      4.9035     1.1506     2.1023     0.0       99      1
 7     4      4      3      0.7807      3.8368     1.5614     0.9828     0.0        1      0
 8     4     26      8      8.1262      7.2325     1.8745     0.6051     0.0        1      0
 9     4      5      1      3.5457      3.8368     2.3654     0.9828     0.0        1      0
10     4      6      9      6.1022      3.8368     1.5378     0.9828     0.0        1      0
11     4      9      2      6.1022      7.2325     1.5378     0.6051     0.0        1      0
 2     4      2      8      7.0301      8.4073     1.7444     0.3179     0.0       99      1
 3     4      3      1      1.9622      4.8308     1.0053     0.8016     0.0       99      1
 4     4      4      5      1.9622      1.6727     3.3454     0.8016     0.0       99      1
 5     4      5      6      5.0309      1.6727     3.3454     0.6049     0.0       99      1
37     4      1      9      5.0309      5.7804     2.9043     0.6049     0.0       99      1
38     4      1      2      5.0309      7.4092     0.3534     0.6049     0.0       99      1
39     4      6     26      7.0301      1.9184     3.8368     0.3179     0.0       99      1
40     4      9     26      7.0301      5.3834     3.0932     0.3179     0.0       99      1


/traveElastica
!num wall incI   incJ mat  Area   J   InitDef  type dXi dZi dXj dZj
45    4    30    26    7    10    5      0      0   0   0   0   0


/masse
!1st floor


/Piani    0    0


/ripartizione
!n2d  n3d   n3d
18    17    3
21    20    4
10    17    11
14    15    20
16    20    15
24    15    26
25    15    26
28    11    30
29    30    11
1    30    3
2    30    3
5    4    26
6    4    26
8    30    3
9    30    3


/vincoli
!nodo2d     UlocX     UZ      Rot (oppure:   Nodo2P UX UY UZ RotX RotY) 1=>vincolato
20    v    v    v    v    v
21    v    v    v    v    v
14    v    v    v    v    v
15    v    v    v    v    v
24    v    v    v    v    v
25    v    v    v    v    v
26    v    v    v    v    v
 4    v    v    v    v    v
 5    v    v    v    v    v
 6    v    v    v    v    v


!---------------------


!analysis

!modal
/am 10


!---------------------


!OUTPUT

/var period
     periodo     1
/var frequency
     frequenza     1
/var massX
     ModMass.x     1
/var massY
     ModMass.y     1

/OutFileSTADATA       "Output_modal.sta" 	 1      	0
/output   EFM_modal.txt      2      2
period      9      3
frequency      9      3
massX      9      3
massY    9    3

!----------------------------
/fine