TREMURI 1 7 0
/impostazioni
Default
convergenza 3


/pareti
!num       X0       Y0       angle° (prefered rads)
1       10.8407       0.0000       90°
2       0.0000       0.0000       0°
3       0.0000       0.0000       90°
4       0.0000       8.9044       0°


/Materiali
!num             E                 G           rho             fm          tau0/fvm0     fvlim verifica  driftT  driftPF     mu      Gc       beta
 1           2.0800e+09       7.0000e+08       2360          5440000.0       224000.0       0        2        1        1      0.15     5        0.5
99           2.0800e+09       7.0000e+08       2360          5440000.0       224000.0       0        2        1        1      0.15     5        0.0
 7           1.0000e+20       0.0000e+00       0


/nodi2d
!num  n_wall   X_local        Z         N/P/R     rho     thick     xleft      xright       zup        zdown 
12     1      1.1349      10.4940      R      2360      0.0      0.0000      2.7863      0.0000     1.4564
14     1      3.3474      0.0000      R      2360      0.0      0.5738      0.5738      1.8554     0.0000
15     1      5.4438      0.0000      R      2360      0.0      0.5266      0.5266      1.8554     0.0000
17     1      7.7632      10.5172      R      2360      0.0      2.8460      0.0000      0.0000     1.4796
22     1      3.3474      4.1620      R      2360      0.0      0.5738      0.5738      0.7553     0.7553
23     1      3.3474      6.9736      R      2360      0.0      0.5738      0.5738      0.5048     0.5048
24     1      5.4438      4.1620      R      2360      0.0      0.5266      0.5266      0.7553     0.7553
25     1      5.4438      6.9736      R      2360      0.0      0.5266      0.5266      0.5048     0.5048
 2     2      5.4169      8.4444      R      2360      0.0      2.3725      2.3724      0.0000     1.9756
 5     2      3.9952      0.0000      R      2360      0.0      0.9508      0.9508      1.8554     0.0000
 6     2      6.8844      0.0000      R      2360      0.0      0.9049      0.9049      1.8554     0.0000
10     2      3.9952      4.1620      R      2360      0.0      0.9508      0.9508      0.7553     0.7553
11     2      6.8844      4.1620      R      2360      0.0      0.9049      0.9049      0.7553     0.7553
26     3      0.6518      10.4940      R      2360      0.0      0.0000      3.2694      0.0000     1.7089
29     3      8.2489      10.5172      R      2360      0.0      3.3317      0.0000      0.0000     1.7321


/nodi3d
!num   n_subwalls    wall_i    wall_j    Z        N/P/R    rho    thick   xleft    xright     zup       zdown    N/P/R     rho   thick    xleft,   xright,     zup,    zdown
13         2          1         2       0.0000      R     2360    0.0    0.0000    1.7572    1.8554    0.0000      R       2360    0.0    2.0179    0.0000    1.8554    0.0000
20         2          1         2       4.1620      R     2360    0.0    0.0000    1.7572    0.7553    0.7553      R       2360    0.0    2.0179    0.0000    0.7553    0.7553
21         2          1         2       7.4784      R     2360    0.0    0.0000    1.7572    0.0000    1.0096      R       2360    0.0    2.0179    0.0000    0.9660    1.0096
 1         2          2         3       7.4784      R     2360    0.0    0.0000    2.0109    0.9660    1.0096      R       2360    0.0    0.0000    3.9212    0.0000    1.2136
 4         2          2         3       0.0000      R     2360    0.0    0.0000    2.0109    1.8554    0.0000      R       2360    0.0    0.0000    3.9212    0.9570    0.0000
 9         2          2         3       4.1620      R     2360    0.0    0.0000    2.0109    0.7553    0.7553      R       2360    0.0    0.0000    3.9212    0.7553    0.7553
28         2          3         4       0.0000      R     2360    0.0    3.9872    0.0000    0.9570    0.0000      N
30         2          3         4       4.1620      R     2360    0.0    3.9872    0.0000    0.7553    0.7553      N
31         2          3         4       7.4784      R     2360    0.0    3.9872    0.0000    0.0000    1.2136      N
36         2          4         1       0.0000      N                                                              R       2360    0.0    1.9176    0.0000    1.8554    0.0000
37         2          4         1       7.4784      N                                                              R       2360    0.0    1.9176    0.0000    0.0000    1.0096
39         2          4         1       4.1620      N                                                              R       2360    0.0    1.9176    0.0000    0.7553    0.7553


/solaio
!num    nd_i    nd_j    nd_k    nd_l    thick   E1         E2              ni      G      orientation    offset    warping


/elementi
!num  parete incI  incJ    XBARloc      ZBAR         b          h      thick      mat    type (0=pier 1=spandrel 2=Generic+angle)
23     1     36     39      7.9456      2.6311     1.9176     1.5513     0.0        1      0
24     1     39     37      7.9456      5.6930     1.9176     1.5516     0.0        1      0
25     1     13     20      0.8786      2.6311     1.7572     1.5513     0.0        1      0
26     1     20     21      0.8786      5.6930     1.7572     1.5516     0.0        1      0
29     1     14     22      3.3474      2.6311     1.1476     1.5513     0.0        1      0
33     1     15     24      5.4438      2.6311     1.0532     1.5513     0.0        1      0
50     1     21     12      1.1327      8.2580     2.2654     1.5592     0.0        1      0
51     1     23     12      3.0933      8.2580     1.6558     1.5592     0.0        1      0
52     1     25     17      5.6979      8.2580     1.5614     1.5592     0.0        1      0
53     1     37     17      7.6915      8.2580     2.4258     1.5592     0.0        1      0
54     1     22     23      3.5964      5.6930     1.6456     1.5516     0.0        1      0
55     1     24     25      5.1948      5.6930     1.5512     1.5516     0.0        1      0
18     1     12     17      4.4192      9.9014     1.7277     0.9960     0.0       99      1
19     1     13     14      2.2654      0.9277     1.8554     1.0164     0.0       99      1
20     1     14     15      4.4192      0.9277     1.8554     0.9960     0.0       99      1
21     1     15     36      6.4786      0.9277     1.8554     1.0164     0.0       99      1
27     1     20     22      2.2654      4.1620     1.5105     1.0164     0.0       99      1
28     1     21     23      2.2654      6.9736     1.0096     1.0164     0.0       99      1
31     1     22     24      4.4192      4.1620     1.5105     0.9960     0.0       99      1
32     1     23     25      4.4192      6.9736     1.0096     0.9960     0.0       99      1
34     1     24     39      6.4786      4.1620     1.5105     1.0164     0.0       99      1
35     1     25     37      6.4786      6.9736     1.0096     1.0164     0.0       99      1
 6     2     13     20      9.8317      2.6311     2.0179     1.5513     0.0        1      0
 7     2     20     21      9.8317      5.6930     2.0179     1.5516     0.0        1      0
 8     2      4      9      1.0054      2.6311     2.0109     1.5513     0.0        1      0
 9     2      9      1      1.0054      5.6930     2.0109     1.5516     0.0        1      0
11     2      5     10      3.9952      2.6311     1.9016     1.5513     0.0        1      0
14     2      6     11      6.8844      2.6311     1.8098     1.5513     0.0        1      0
46     2     10      2      4.2536      5.6930     2.4183     1.5516     0.0        1      0
47     2     11      2      6.6260      5.6930     2.3266     1.5516     0.0        1      0
 1     2      1      2      2.5276      7.4566     1.9756     1.0335     0.0       99      1
 2     2      2     21      8.3061      7.4566     1.9756     1.0335     0.0       99      1
 3     2      4      5      2.5276      0.9277     1.8554     1.0335     0.0       99      1
 4     2      5      6      5.4627      0.9277     1.8554     1.0335     0.0       99      1
 5     2      6     13      8.3061      0.9277     1.8554     1.0335     0.0       99      1
10     2      9     10      2.5276      4.1620     1.5105     1.0335     0.0       99      1
13     2     10     11      5.4627      4.1620     1.5105     1.0335     0.0       99      1
15     2     11     20      8.3061      4.1620     1.5105     1.0335     0.0       99      1
36     3      1     26      1.9606      8.1318     3.9212     1.3067     0.0        1      0
39     3     31     29      6.9108      8.1318     3.9872     1.3067     0.0        1      0
40     3     28     30      6.9108      2.1818     3.9872     2.4497     0.0        1      0
41     3     30     31      6.9108      5.5910     3.9872     1.3476     0.0        1      0
42     3      4      9      1.9606      2.1818     3.9212     2.4497     0.0        1      0
43     3      9      1      1.9606      5.5910     3.9212     1.3476     0.0        1      0
37     3     26     29      4.4192      9.7752     1.9802     0.9960     0.0       99      1
38     3      4     28      4.4192      0.4785     0.9570     0.9960     0.0       99      1
44     3      9     30      4.4192      4.1620     1.5105     0.9960     0.0       99      1
45     3      1     31      4.4192      6.8716     1.2136     0.9960     0.0       99      1
56     4     28     30      2.7102      2.0810     5.4204     4.1620     0.0        1      0
57     4     30     31      2.7102      6.3032     5.4204     4.2824     0.0        1      0
58     4     36     39      8.1305      2.0810     5.4204     4.1620     0.0        1      0
59     4     39     37      8.1305      6.3032     5.4204     4.2824     0.0        1      0


/traveElastica
!num wall incI   incJ mat  Area   J   InitDef  type dXi dZi dXj dZj
60    4    36    28    7    10    5      0      0   0   0   0   0
61    4    37    31    7    10    5      0      0   0   0   0   0
62    4    39    30    7    10    5      0      0   0   0   0   0


/masse
!1st floor


/Piani    0    0


/ripartizione
!n2d  n3d   n3d
12    37    21
14    13    36
15    13    36
17    37    21
22    39    20
23    37    21
24    39    20
25    37    21
2    1    21
5    4    13
6    4    13
10    20    9
11    20    9
26    31    1
29    31    1


/vincoli
!nodo2d     UlocX     UZ      Rot (oppure:   Nodo2P UX UY UZ RotX RotY) 1=>vincolato
13    v    v    v    v    v
14    v    v    v    v    v
15    v    v    v    v    v
 4    v    v    v    v    v
 5    v    v    v    v    v
 6    v    v    v    v    v
28    v    v    v    v    v
36    v    v    v    v    v


!---------------------


!analysis

!modal
/am 10


!---------------------


!OUTPUT

/var period
     periodo     1
/var frequency
     frequenza     1
/var massX
     ModMass.x     1
/var massY
     ModMass.y     1

/OutFileSTADATA       "Output_modal.sta" 	 1      	0
/output   EFM_modal.txt      2      2
period      9      3
frequency      9      3
massX      9      3
massY    9    3

!----------------------------
/fine